User_ID,Purchase
1004079,7247.027172583219
1000936,15032.364955673878
1000238,8420.077728895345
1005250,17703.196583481746
1005281,6638.510963276668
1003705,13587.117905225088
1003675,9685.661714098864
1005475,7780.982115331233
1004460,18991.460231111723
1001842,7761.722223103434
1003705,14317.133531028134
1004890,12287.892762351283
1002496,13106.444854548854
1000015,4709.228707949888
1001068,7008.165966784281
1005999,21753.90450961402
1003280,9146.5459105248
1000111,7910.550043179179
1000303,7040.453130223649
1002887,7529.696484490721
1001998,6768.013099983569
1003659,5952.297069046661
1003438,4048.4825235600138
1004823,10605.027891624992
1004175,7880.921925575404
1001765,6523.276985319432
1000426,12188.905028262825
1001901,8698.675023782884
1005413,5093.978082190176
1004320,16073.424777752154
1000854,14450.037001371209
1004852,9065.989385803208
1000731,6834.223480227001
1005788,6187.5112828856045
1002145,11857.121453416099
1004705,6999.047965014086
1004715,6496.830632504764
1001860,16735.148372632942
1004378,15860.23153647012
1002302,6035.813941388063
1003639,6523.276985319432
1005840,7685.719767816774
1005010,7564.222610586098
1001243,13346.130775296717
1001884,12535.363750051125
1003954,15032.364955673878
1002507,11540.83179069944
1003526,11621.993370329013
1005054,5702.871774966027
1003848,9123.330436943976
1001242,6760.194334209475
1005100,5926.18392958384
1002058,10267.396085103124
1004277,18846.365057356306
1002643,3093.7135470464923
1005788,4783.714953114862
1002929,14739.18628634524
1000059,20544.563722124138
1004376,6144.0211323648
1005574,14436.594628621937
1005990,14532.192759971145
1000549,17506.887249852065
1005605,5637.775948364064
1004362,16041.17390112966
1003371,13842.050573493694
1000752,9290.184332019948
1004028,7780.982115331233
1002088,15882.99425181016
1003175,8258.79795628294
1004215,11388.19892653446
1001764,13861.70940862156
1003562,6969.815830675184
1005636,7211.184412861316
1001829,7274.748230423891
1000484,12166.213925969721
1005550,15778.965239022176
1003125,12530.317713557293
1004007,10719.109170156922
1004079,13266.520687520795
1003450,13462.874953619594
1003036,8422.593472952003
1003482,7434.23632020099
1002903,17149.872263510024
1005964,8790.94634124149
1001425,7859.840447279109
1002005,15433.097507551824
1002036,16765.317393238176
1000591,6344.1543468123145
1004484,10310.164580970531
1003902,15029.945290882823
1005585,7715.1416847172595
1004948,13336.09073801465
1004009,15129.587590950061
1001266,5997.089418728193
1005442,13787.473829264636
1000137,12147.693085516716
1000156,7044.121079538761
1005583,1617.9084235450107
1001803,5698.25102775814
1001680,6787.961575669448
1001714,10411.375123699845
1002015,6799.854772072393
1004053,9069.61261464391
1000549,7395.000847639796
1000880,16626.17496970656
1001803,11792.385919557973
1000183,8201.1413369392
1005106,6508.37985527633
1001224,11437.55139070711
1001127,6231.3532045285165
1001980,8189.139143704139
1001941,7555.412478589753
1000245,1175.3241182367221
1000380,7297.929685132316
1002383,5411.327314673801
1001807,9173.414488730969
1000770,10772.307728795186
1000533,11140.110454351721
1002681,12587.732045665261
1003560,5035.002168497401
1002237,8466.875843789932
1003791,3897.928449224409
1003957,3484.390706389362
1001998,9416.680646657176
1004060,15068.503504893282
1004234,8600.06078375874
1003401,2382.3515319953967
1005678,14309.3875680797
1002750,9549.812571000966
1003596,9204.233244022906
1004104,16534.65186332672
1005327,12530.317713557293
1005326,4039.9195588673615
1004747,16050.19614944135
1003158,9748.726028732208
1002572,20528.177076119868
1004593,4873.607943210805
1003610,490.85582623808784
1004303,13756.667149603918
1004580,7280.304617110682
1002115,8134.562268413563
1003050,13121.281144871165
1001489,4719.949536730995
1005057,15457.032378984934
1003125,15832.500063491883
1004054,7457.738387723717
1004048,11471.318585906725
1005177,16198.65619233502
1001186,9597.113074970388
1001775,5624.348320658206
1001803,11792.385919557973
1002100,4974.385854850582
1001627,12710.584814542577
1001465,2999.140516040624
1000564,9573.36088958289
1002288,3363.8291974878853
1002466,12257.102011956043
1005523,7660.453268035931
1004927,8748.581625132181
1001928,12851.537661161648
1000726,9979.020390047162
1005717,16597.138721854888
1004663,8903.07190010935
1002126,14483.1606700892
1000752,9290.184332019948
1004552,7512.713493216084
1004083,5859.793263766158
1005954,2890.374043860585
1005887,7148.33740222011
1003778,16624.124937091517
1002478,8070.929712560168
1005861,13180.522292529386
1003792,12080.18498861881
1002820,4109.725224968364
1005553,9748.161847459483
1004458,5914.391043452957
1002918,9193.621931551397
1001019,11628.308361297704
1005378,11603.95436899803
1004472,4847.138476619928
1001151,7458.704132632667
1002329,13483.639955842118
1004983,15464.7527845734
1000667,2077.060427200103
1003012,15751.004131950418
1002186,15415.568904694223
1004033,9740.038357565269
1004815,18112.093889737418
1004162,5411.327314673801
1005916,4505.217838551979
1002670,5538.569719736526
1001680,5943.807323382883
1002289,6615.314924230919
1005184,5619.744190437459
1004326,6133.382482473246
1003807,7237.953449771874
1000426,8524.220823542959
1003118,7496.052113942436
1001000,11453.38003550794
1002232,12644.897570980986
1001383,5888.868635779214
1000725,9051.705162691069
1000296,18473.625277595715
1002509,15567.274589913111
1003072,15015.332709100938
1001680,6954.116756216064
1005949,8583.834898323432
1004021,12491.152334607503
1003569,5801.322899694332
1003017,6863.8992323677
1000887,6272.455199744948
1001883,8882.792100489525
1005448,4226.308689393305
1004276,4572.007527542077
1000293,13198.820491675357
1002438,7992.036397015044
1001645,12940.744786050429
1002555,15264.850270891222
1001701,6725.878241213374
1002203,13579.537426023246
1005831,8121.74670605868
1004490,13638.697374178366
1004975,7378.938769429218
1003307,10663.214098090762
1004578,6187.5112828856045
1002826,14013.231000756463
1004118,7629.448786082021
1001702,6677.271383377408
1003227,2209.273342725168
1005686,3469.369793937373
1000514,4039.9195588673615
1002015,7124.743917883189
1000690,7713.02429251937
1001169,5478.65679845946
1004836,11255.436276639955
1002888,10050.336810462893
1001884,3348.6921141580365
1002890,14930.71097380475
1002310,8848.947566893781
1004015,8069.551432867923
1004161,17055.008057783052
1001285,8380.95987099817
1004535,14503.097892017258
1004800,6917.456210638966
1005372,17579.720322224624
1000832,7107.165745894715
1000913,4271.628581417843
1003014,6327.397105701197
1003327,15402.470046281594
1005017,14231.982025824065
1005322,7800.443372012725
1005034,19954.79878247083
1004016,14884.170754949655
1003539,6228.948200416241
1005851,15989.264493546492
1003158,14382.029978402406
1001215,13398.627741168537
1003457,6331.282393085447
1004338,6690.663891548073
1003128,9712.609584937098
1001541,13681.834129046158
1004305,12875.308129266667
1005235,6136.178544304681
1003885,15027.445950859284
1005888,6673.407919535688
1003841,14592.4259427946
1004703,8119.952055223884
1003442,12816.631104897913
1003815,6407.042560416523
1003457,17278.83807928795
1002242,3126.010357753754
1000533,9928.942912940738
1003575,4558.833015876919
1003370,11372.22096093633
1002634,6293.903304003467
1002088,15882.99425181016
1003368,15314.542477156478
1003618,7026.491062365088
1003675,15253.104797820057
1001051,8040.415102415212
1001962,3261.85259047937
1003965,7174.0820192414685
1003720,14685.066630688278
1000172,19394.06567477493
1005002,5046.896104201709
1003080,11574.207330771356
1002561,6712.752256972351
1004064,5116.644470295244
1003850,8214.232437424365
1000698,4830.366432672162
1003675,7038.991701277605
1001896,14743.875367503604
1000118,13914.726068887181
1003539,15462.489646553506
1000977,7126.6641289817735
1000678,716.1828653862375
1004035,6225.628955329513
1001130,6352.90865457204
1000204,5511.017020438891
1004907,6517.571631685796
1003483,11294.57184737519
1002304,12631.487668305344
1003032,6856.353505053902
1001613,4797.517248582024
1000216,8137.332203888168
1006036,12049.370963948348
1000678,-811.7864044835638
1003578,12519.190557727015
1004508,11537.916978003082
1002366,12727.084544897616
1000963,12228.826505922298
1004124,15577.32095275726
1001045,2836.5548088831106
1003641,12914.018765491317
1001120,10718.939219930924
1002419,6334.705370703886
1004978,20134.536717476734
1001861,4992.768275170416
1000615,17465.978270681342
1001053,-135.19602149015515
1004167,14887.616976257554
1003471,11726.462932266648
1004227,4551.764689243437
1001130,9425.605886817662
1004048,11471.318585906725
1004732,3447.61662551523
1002064,15041.48273854542
1002777,2437.7685946641373
1000816,6297.749708393276
1003749,3637.343772925394
1005449,14349.067658019361
1005256,10804.433899381254
1003671,11840.478783243983
1004344,7277.745844460644
1004973,6810.37499358774
1001088,3002.1152313272155
1001917,5974.472746242324
1002175,18499.344656802496
1003270,6997.772274657182
1001749,5548.5801534891525
1000005,2894.430094696962
1002462,6732.769060227818
1001899,6337.224871622188
1000402,12852.172668410067
1004447,11518.993480732432
1002800,6074.949813243434
1000302,15760.06750147329
1003630,15106.605741013625
1000894,6274.053774190193
1004662,7832.174246862889
1001926,5621.974281103837
1005359,9639.076783824781
1003978,15150.084971785538
1002876,12208.789283463666
1001916,6654.977119187119
1006036,4727.944409202119
1000536,17278.83807928795
1001181,6504.129403011548
1001242,6760.194334209475
1003792,9444.37069593917
1003057,6221.869056661228
1004535,7222.018537444724
1001084,6091.370042853763
1001616,14497.393238475352
1002127,6877.64721924828
1001244,8401.968562851425
1001681,6917.456210638966
1004048,6210.1763671440185
1000477,11903.329112015288
1005217,6041.876913627198
1000438,2967.1473039562666
1004543,12915.204520421208
1003129,12682.748030996414
1000461,13894.074662523506
1001513,3265.53694558118
1003241,9140.939794321323
1004778,5498.006524430138
1004454,18979.447319641957
1001305,18908.702389476595
1004279,3793.332643603599
1001285,8380.95987099817
1000749,18383.313057436033
1001441,6312.697797390143
1001306,5826.8540830406655
1000099,7709.828027613002
1001285,8380.95987099817
1002907,6082.637264085644
1004714,8130.893093982953
1005601,7811.666310361616
1003209,10129.157449950713
1005163,6367.171843566937
1001503,6236.203798255922
1003028,7074.9875310506
1002962,6587.600531068081
1004654,4517.370299310546
1002913,5035.56014097681
1005209,7610.8325914293555
1000411,2559.7408810795605
1003320,6816.043152219415
1002456,12645.304028877
1005562,9600.956422212983
1001057,6009.228642046146
1003266,9480.50102031577
1005306,4716.110029260338
1002195,13954.136620896463
1005880,5816.636249551644
1003225,6349.64426770334
1004470,5435.0778570015145
1000891,7448.8341431872295
1003524,5920.688277337194
1002948,14083.298162930932
1000678,5238.703194950914
1002008,5557.551605939095
1003992,14426.698060909355
1001943,6104.105783570293
1000563,15039.024877425005
1000203,15387.740147405724
1003499,6423.7787189297815
1000001,8509.361650343051
1000058,15892.002953567708
1001427,17801.965142361292
1004675,13018.945811442989
1005111,4907.350328537615
1002934,5702.007310291087
1004227,9799.902160949572
1002225,12450.393680818066
1001697,8954.155788765884
1003940,4878.933331009434
1003909,7755.430735504617
1006035,5815.42426136064
1000312,11987.03238583936
1000692,4145.371737740466
1000752,9290.184332019948
1004387,6518.458315724807
1000368,6231.3532045285165
1000746,9565.567044740506
1004731,5046.896104201709
1000466,6410.026723969915
1002267,8463.972770772685
1001969,9032.760399099427
1005335,6813.081721407922
1003658,13123.230986422923
1002807,6769.174227365827
1002478,8070.929712560168
1001246,14816.195770269203
1004691,14469.001428493375
1002331,12269.023690702275
1003272,3903.5248483405744
1003650,6587.910034653428
1002772,4391.689839856774
1005468,19478.88488784657
1001146,9649.958670671975
1003292,10795.110474388315
1000591,6231.3532045285165
1002116,5755.570093522246
1004688,8499.45142137417
1005113,16457.84693230445
1000750,7607.577328247308
1002909,5197.903166894168
1005290,5623.296790570054
1001714,10485.677396438803
1004138,11707.770082786992
1005256,3340.9622319722616
1003669,5688.459359673201
1003800,12215.350412276965
1004666,4326.992706386633
1000877,4011.8878121198563
1003945,12655.352371696132
1000140,15700.512760452933
1004601,18647.15162354589
1001040,9903.8225802906
1000536,9823.978948550835
1001221,7374.644422189052
1003823,8557.531547300181
1004354,6569.207387538405
1005333,12574.754831725319
1000672,12627.719239810946
1001354,7795.72558829862
1004085,10979.453643487192
1000854,8893.621857605674
1003703,6142.574540240371
1005771,12530.317713557293
1003482,13349.135776394744
1000482,4353.634775506372
1005909,5524.587790739248
1002994,12736.475385619544
1005342,13441.41303798828
1002768,8809.044100113722
1001284,15885.117386097205
1003658,12691.64678847756
1000518,12921.119414021836
1003592,4573.614953295078
1002611,7815.535962412247
1000560,15897.797216141655
1003796,7662.911106679749
1002994,12736.475385619544
1004917,5930.906173817498
1000216,2595.1515866144982
1001088,18787.05964610262
1005361,10716.598340009015
1000676,6525.611252282217
1004318,6209.063028291754
1005470,7431.482031764042
1004473,7555.48899563689
1001958,9544.765317654193
1001666,13612.672868928079
1004585,14902.34565774406
1003491,3793.332643603599
1002465,9602.766560864831
1003442,18620.376973263144
1004140,7269.696373460192
1004083,1940.3880775073608
1004472,9638.069710519603
1001802,8068.22633718736
1002012,5662.200057196965
1001358,14663.909825042429
1002482,1054.519536705068
1005831,8925.13765379775
1000147,12301.750804564068
1005491,6457.121475600273
1005293,16892.160437620852
1000346,6438.568491429991
1000238,8420.077728895345
1001274,14870.917161429757
1001671,5310.758695275849
1003441,5710.610630976472
1004401,5885.675769028487
1005114,14009.385325512068
1003836,14564.929269329083
1001058,12706.235249353722
1004802,6062.592476759825
1003792,6063.453597659445
1004007,10405.295556985397
1002223,6588.111446941432
1001681,11726.462932266648
1005081,6699.638343376781
1002934,9578.793848551888
1002453,10359.118730414762
1005492,4226.905643897186
1003619,12894.441382830859
1005627,9773.91793670575
1004285,17710.693835027098
1003320,6816.043152219415
1005889,7467.359110024116
1002620,15032.364955673878
1005763,5449.503946451145
1004737,18184.150163900646
1001402,7224.739875233828
1004422,5166.477948355601
1004965,16898.827409879184
1001841,4945.063984368976
1002996,5109.381300967273
1004655,2691.5866698209807
1003574,6160.694747250186
1002004,5625.948000628127
1002636,6966.978667977888
1004663,4965.668855578355
1003426,16933.29990817399
1002820,10786.652143965792
1000623,13018.121492176173
1000919,15135.981368956722
1001556,9321.017675062234
1003808,5566.613230776841
1000187,10897.264988054058
1005759,6073.666212822575
1003953,11738.352985237047
1002529,5894.625755991955
1003664,6932.406011494513
1001044,7049.2911264758
1002410,13929.840634670627
1000235,5539.568522069335
1001004,15399.388189448619
1005788,6187.5112828856045
1003414,8481.278422624911
1000022,12490.839553634916
1001828,17759.35098992775
1003553,16317.898681208564
1003691,13535.18059140316
1003082,8466.875843789932
1004508,5264.784559464387
1001246,14816.195770269203
1000838,15889.925912565106
1005767,11442.6850481433
1001255,5174.761470536742
1000305,5377.787732338447
1003292,7645.8824845866275
1000663,15253.443167065647
1000146,7316.5399385978935
1005556,8390.38910217248
1001141,2907.1958220114902
1001451,8606.961798940849
1003958,8042.85922856746
1000714,6726.586075080157
1002106,1077.4956864136232
1001005,6418.419996584109
1005705,13692.458133975888
1004890,6567.561237867818
1000222,11197.278911604186
1002468,10369.040529287879
1003645,7244.279538488829
1002679,639.785081989445
1004375,6445.014647275762
1002092,3799.604362022215
1000977,18035.90658235051
1000689,19134.46975095143
1002592,17143.775854652296
1000415,12768.831776366393
1000996,8005.883678635168
1001875,12053.11198804943
1003211,3139.17585203445
1002015,15760.06750147329
1004380,6222.126963489586
1002187,8779.586321943843
1001150,10229.518784771339
1002119,6946.041322774336
1003675,6873.707940585005
1000543,7246.409345432002
1002010,12221.566782242926
1004127,11573.669056232864
1002062,12995.731891766321
1001930,8726.349979252482
1000136,7624.387612556233
1005084,15935.529902692482
1005108,7140.551807114912
1004979,4907.350328537615
1001880,8286.709243474124
1004533,18262.444128500534
1003706,6353.492562212592
1001442,12009.645965882342
1000355,11494.963900330917
1003819,7012.874142808334
1001899,6337.224871622188
1000549,18846.081826502126
1000850,5302.712615657879
1000791,15616.651491227207
1002002,8709.664670532156
1001361,6933.127969847957
1004268,17505.96310606384
1000218,9371.152815726055
1005302,4874.152818036118
1002098,13661.912478964081
1005745,6340.463301650127
1001057,11703.053474144222
1003673,6547.013686125623
1002232,11481.687956015287
1005555,-2145.181422500661
1000002,18904.85288801459
1000605,10040.524281975706
1001181,3338.8970733982896
1000885,1905.7013740683487
1001094,3276.8531857627772
1003749,9417.38631583661
1004312,6388.23027543372
1000192,5408.777503618853
1004496,9321.384519235666
1004253,2956.3177717919657
1005691,18347.13665451504
1002921,8807.755418324768
1002824,9722.991658595438
1000202,13726.975736189523
1003951,11652.604256724464
1001790,9326.48079634181
1000940,7618.052884171776
1003004,5564.05916267036
1003127,7983.911260426868
1005200,7161.037972765982
1002185,8285.067613356281
1002561,6566.6799685944015
1000877,14294.074680222264
1001117,6271.181865022694
1005947,4994.640437755485
1000638,17552.828876873446
1002038,6740.747995626872
1001197,9051.84358903012
1002124,4011.8878121198563
1003049,9140.939794321323
1003688,14593.478640116798
1005504,14317.133531028134
1005989,8150.784922612831
1004194,6225.628955329513
1005178,6390.091717846696
1004726,10485.236463056568
1001961,12348.570698982187
1003691,1365.9081827345008
1005676,7927.873977514809
1000346,6438.568491429991
1001966,13726.580819708408
1005597,4090.706858725198
1003977,3691.2261174840164
1004458,11463.869334158337
1004034,5498.006524430138
1000631,5604.9450195811705
1001884,6781.73243320536
1004139,5568.13265821274
1006022,4897.8003445160975
1004615,12208.789283463666
1005082,8045.033669986638
1005523,2898.859326830004
1000065,13681.99973469039
1003589,15190.960288116894
1004984,6832.053769601727
1003039,5948.295286929062
1005053,8402.6261768427
1004093,3117.1172270702295
1004290,12915.817158616595
1001701,5914.391043452957
1002266,7622.621021095333
1005620,19061.708466037864
1001181,4475.743053732258
1003395,8290.0562254425
1000920,7969.643594427215
1004141,5805.367090103958
1005061,9397.890289015419
1004430,7022.80584899796
1001998,4944.75383102656
1002091,6845.503390690766
1003132,8950.915252553257
1003651,12887.739955815421
1000953,12491.152334607503
1002109,4403.1193820354565
1003999,4205.839758227317
1004351,6795.6043777630575
1001244,7932.2864564450765
1005390,7129.984872883913
1005824,1369.3739487514772
1000587,5478.65679845946
1004607,6742.40186393249
1000276,14919.6154493749
1005461,3464.841951316765
1004802,6062.592476759825
1001054,1033.770533849466
1004388,12364.82924253049
1000864,18178.484799296835
1000889,18463.2856389591
1003178,11887.14554337019
1000338,13679.616039942888
1001448,8391.32406351749
1005074,11987.784286798753
1000881,18728.371852292286
1005629,15954.398603019743
1000053,14525.620923605917
1005324,16075.605172800892
1004635,6726.586075080157
1005125,8166.367957678412
1003997,14308.673064156823
1005480,8691.02934439888
1000559,7945.525964382431
1004236,5541.714448193877
1000955,8660.666358083363
1005872,14232.057194490295
1004122,15520.24403099111
1001584,11792.642800618389
1003047,14049.634535028983
1003651,12887.739955815421
1003029,7283.110741714388
1003614,5607.919183307784
1002812,6041.876913627198
1001327,8074.238972665819
1003626,12893.208983241162
1000412,4933.664091051118
1004352,6104.105783570293
1005954,7.71617015336746
1000025,15032.364955673878
1002006,3365.889889745187
1000588,6222.728793608948
1000398,5987.80580378602
1002427,5521.030856034625
1001571,12071.748408580435
1005661,17537.461650303016
1004452,6709.700524108764
1001135,8620.996356723184
1004821,7312.836867052842
1001796,4895.619429208062
1005602,9554.291162577047
1004701,7264.79731132572
1004016,16147.131957017069
1000702,14930.71097380475
1004448,6109.0253799196635
1001150,3247.515976264966
1002257,7008.165966784281
1002529,15733.150130852695
1005602,6623.711283449979
1002307,7585.939196128363
1003526,4719.812261907753
1003808,10466.240184531112
1001423,5885.88385103626
1002338,13514.20089029883
1002457,10803.121865826137
1000319,10848.92446673791
1005384,6651.858628936434
1001015,13777.220894736989
1001268,8534.336635539814
1001147,5857.065997809422
1004621,12001.830819051209
1002753,7525.325495048584
1005333,6663.575482610878
1000161,18569.53196225035
1001447,5072.392455545509
1002995,11974.88673827214
1000957,7027.731197439414
1000953,19275.76867603421
1004728,7555.066481434296
1001880,14363.826352567386
1002586,14008.746825751097
1004305,11700.491724034531
1003672,6630.385147928821
1000400,9160.839740891613
1002236,7818.839380191587
1005788,6187.5112828856045
1004480,7496.052113942436
1005530,6518.458315724807
1002706,11478.495102028546
1000513,6909.803799544429
1001137,15760.06750147329
1001294,10081.742212180596
1004532,11388.19892653446
1003558,8694.30797816103
1002878,6404.062703903888
1004578,6477.402582285465
1006025,10757.105933220502
1004305,6886.205895483693
1005345,13826.59234819946
1001880,8286.709243474124
1005990,7389.998606158336
1005195,7299.779147313674
1003098,4276.673982325753
1002478,8268.453969582224
1003945,8918.668413998808
1000116,10945.652781693228
1003471,6917.456210638966
1003483,12898.650758046648
1004033,12916.484552003018
1004039,15386.87759695691
1004155,14423.525833371998
1003074,17110.802078497698
1000190,14627.89282727448
1002878,5255.269337577487
1001389,6909.55240191329
1004224,5453.814453767686
1000918,11878.480594123508
1003944,8113.651034292411
1001496,6333.849453482049
1001387,8082.125494161253
1003347,6984.67058896329
1003865,7189.4743968679395
1000198,6540.893074453303
1003031,5885.675769028487
1002214,18583.84687571456
1000033,6967.254399412946
1004626,8486.668595619358
1003450,13462.874953619594
1000392,5209.600091580309
1003958,8042.85922856746
1002238,8813.932648745125
1001203,12056.509054495542
1003995,11804.499899410399
1003462,8583.82024665859
1004354,6569.207387538405
1005570,11906.447723571788
1005250,7260.407075525095
1002072,17220.55865963974
1000929,14352.482529072908
1002457,8559.62943839461
1004329,13567.914527216284
1004053,6062.137595955305
1004898,12656.428176492067
1000248,10514.19253140561
1004961,9022.68378555524
1001010,12704.66689534147
1004140,11791.251945531798
1003865,4407.216868436839
1000403,6468.615109713676
1000346,6438.568491429991
1000889,5559.945882902421
1000690,16931.160349977778
1000157,9825.18495036206
1003227,5710.610630976472
1003391,11365.783542350939
1005039,3208.711477860309
1003311,5203.719652053466
1005256,-2321.986109886287
1001327,8846.461395656639
1005304,9220.326798182026
1005136,17086.49074333207
1001605,7120.948839212572
1003727,6190.226910781894
1001104,4385.139518667091
1005636,12721.047909347806
1003023,7733.130569985404
1004952,4989.719522452858
1006000,7440.557099245277
1003854,8220.58788259573
1003025,6884.43598631608
1003658,15825.98175307118
1004510,7355.568994256091
1001347,5341.193829132411
1000151,12340.708862270778
1005389,12414.929928482557
1002406,6395.645313073592
1004601,6353.305589624262
1004242,6572.7855317258345
1003487,5974.674863487945
1002414,8559.922207182672
1000601,13584.599945380674
1000234,6470.36433837957
1001737,16128.066986255415
1003285,5152.77349101742
1002537,2033.446755169668
1001812,2372.6786900923553
1002638,3746.5424868906216
1004484,10310.164580970531
1005347,12080.18498861881
1003683,5500.024184784244
1000522,10860.09929014504
1005728,6510.140536697061
1002638,6232.3330802676
1005100,9714.76601755876
1004708,7532.89932484159
1005705,6259.543896791919
1004306,13826.88985522978
1004021,17615.926585841033
1000300,5805.921019729735
1005447,10328.32933769496
1002414,18084.357634908494
1003827,14429.959008801967
1002638,10729.230462251475
1005335,8167.683585651014
1000352,7064.476899958202
1002753,7525.325495048584
1001889,5922.082616301386
1000456,5828.701563545276
1001926,8921.001435265158
1000549,8426.13712526939
1001221,7374.644422189052
1002421,14164.618865915172
1001425,5315.157157047782
1005000,8929.565484891535
1002761,13971.82467095675
1001246,14826.093320295256
1001181,3338.8970733982896
1002711,8673.822134103215
1000791,721.871980474229
1000461,6786.376343063132
1000669,6965.565639810725
1000173,10254.250281840568
1005035,9610.062055830542
1000752,9290.184332019948
1005349,7419.6040600502065
1001748,4632.107307031721
1003768,7172.612061051051
1004725,4301.614024492242
1003610,5395.902197931888
1001912,10841.737133698289
1004058,4662.246815844667
1004861,9250.999494305368
1001186,14604.989758094278
1003746,15851.396795302111
1000984,12346.016217891314
1000737,6504.20655748736
1003415,12956.516881061378
1002222,4903.780975507628
1001472,15457.62201347403
1000319,10848.92446673791
1005728,6510.140536697061
1000713,16465.45681432878
1005536,4816.69616750058
1001880,9642.491487248852
1003033,15433.097507551824
1003359,6331.282393085447
1000202,15410.44856630871
1004227,6939.972453019511
1001340,4865.329601858142
1003768,3189.223728990687
1002784,15341.682009196096
1003031,15410.44856630871
1000678,12228.826505922298
1001164,6699.332024380584
1002376,13232.25927979369
1005526,5501.190723998205
1003389,13737.309124399942
1002102,2775.0438146549996
1003974,5085.256851803021
1000806,15924.322214912938
1000403,6468.615109713676
1001495,8496.50387188233
1001117,14333.849398301825
1000714,6726.586075080157
1001926,8921.001435265158
1003582,10449.655728834612
1002773,6894.7560047759835
1002818,7885.233524604313
1003669,4279.079967932444
1004042,6440.752077474965
1001779,13643.54660733271
1005367,4830.366432672162
1000752,9290.184332019948
1004579,11999.976262344739
1003389,13737.309124399942
1001636,5167.839389583253
1001386,12988.456823427301
1002304,12631.487668305344
1001162,16700.35013532771
1002314,6501.199983273169
1002456,6171.963666129374
1005025,14887.616976257554
1000777,14503.097892017258
1003662,9291.294096997055
1002608,9493.104550958586
1000187,10897.264988054058
1004379,5152.77349101742
1000225,10570.543269806081
1000731,6834.223480227001
1004122,13899.832174119258
1003445,11035.09747160246
1004697,11410.05502141216
1004172,7475.377039278526
1001348,3002.1152313272155
1004344,5647.283905960471
1005801,4825.080690236171
1000681,9865.289331913329
1005413,12399.061510943908
1003281,6451.26010284653
1001242,6760.194334209475
1004579,2555.609353340762
1002186,15415.568904694223
1004089,4709.228707949888
1001989,16533.28159296822
1001483,15935.529902692482
1002010,12221.566782242926
1001181,10123.182234481406
1003664,4496.141617119405
1003560,5590.178285193307
1000982,6454.582889785974
1001760,3697.4530577392793
1002544,7737.773556610988
1001451,8606.961798940849
1005394,5505.522281824027
1003740,13790.178392270886
1004977,9471.154657671834
1004275,11256.109479593728
1004227,9799.902160949572
1002971,8238.142438629297
1002899,15996.330597002869
1003952,7797.032437465166
1005107,7016.948141650752
1003140,4885.773050196442
1003005,14627.89282727448
1005074,11987.784286798753
1004307,7496.052113942436
1004531,12995.731891766321
1003213,5815.42426136064
1005185,6322.555277001112
1001530,10841.737133698289
1000146,13991.489366533553
1005675,6688.341833623539
1001958,4983.736431379075
1004882,10743.511345216762
1002847,5885.675769028487
1003169,19620.64734691483
1002866,6137.872871369892
1000993,13900.984531726179
1001912,4276.673982325753
1004402,6335.78470050568
1005657,13807.420072042052
1002665,3501.1976213984117
1001190,12247.368345812003
1003618,10402.646670916989
1000648,14684.891567397244
1000518,12921.119414021836
1000229,7364.0978622842895
1004368,6236.880980318259
1001132,13016.039504545934
1003419,12532.993485433715
1001817,13562.1449721484
1005450,11799.092885651642
1004177,13948.278613118364
1004016,16147.131957017069
1000877,14294.074680222264
1001680,5943.807323382883
1000216,20314.59988083449
1004556,3636.9320756600187
1003618,10402.646670916989
1001584,10859.725563204562
1003824,15923.090454945066
1003158,9748.726028732208
1005015,9024.275573846933
1001199,8350.916825436063
1001139,3713.334791156512
1001370,17338.421966707643
1002547,12521.769317049997
1004388,5822.455075442633
1003180,6086.713231620017
1002100,11657.318811875082
1005878,7350.827744572309
1003436,6596.5606625376695
1004803,7982.315139458645
1001181,6504.129403011548
1001592,15867.30333136517
1003588,8194.9587482586
1006036,4501.712213269063
1001436,9858.379068776354
1002909,8290.0562254425
1000357,13873.858149799351
1003328,7896.417698015234
1003590,6305.611293465972
1005466,18477.18802511788
1004490,5686.162585101927
1005282,6340.463301650127
1002065,6204.369294006759
1005811,6428.303697337805
1001599,11546.292035563603
1001470,5974.674863487945
1005246,5421.366462076093
1005823,14486.768227232678
1002734,14030.604554381038
1001645,6742.231867696281
1004457,20528.177076119868
1001889,7150.055362493279
1003665,11205.470277913435
1004898,5014.842742493258
1002784,15341.682009196096
1001322,7055.157262950927
1002544,5821.79040049267
1004239,15131.822845872668
1001203,5697.031425808742
1003259,4090.706858725198
1002986,6298.050402190117
1001899,6337.224871622188
1000676,6525.611252282217
1001516,6221.869056661228
1004661,12917.881262012745
1002567,9326.48079634181
1002320,7852.390914394388
1000908,4836.231706976434
1001468,11298.178557519794
1001015,6124.586279173822
1000656,6813.140890815094
1004591,13632.536466088277
1003685,8594.028419746646
1000549,9594.15870252489
1001421,6258.8243442181865
1004774,16441.780000652354
1003519,4989.719522452858
1004834,8714.146434699764
1001038,8372.554047790678
1002119,6946.041322774336
1001353,17457.342586189556
1002395,7671.614256337013
1000432,8779.586321943843
1002279,4972.331319853472
1000231,10188.348311094805
1002496,6362.782541762518
1003031,5885.675769028487
1002503,5604.9450195811705
1004449,6972.877237903844
1004033,9740.038357565269
1000552,19543.787764129418
1004663,8903.07190010935
1001717,9180.330499751703
1004560,16307.214093279308
1001737,3589.1949397812373
1001164,6699.332024380584
1001916,6654.977119187119
1003650,13209.282823982921
1003005,5813.105365555196
1004414,18499.344656802496
1000029,16436.709477828328
1005096,7567.116387282144
1003833,9484.777316790065
1005367,4830.366432672162
1001279,6143.643377718065
1002837,7374.644422189052
1000229,16336.280202503736
1004489,7761.722223103434
1000192,6908.197046459376
1004028,18276.05746834146
1001650,7064.426022760332
1004964,3880.161333764608
1000651,15431.492406781726
1000710,10034.988312977104
1005306,7732.18653848745
1002221,8095.974015762989
1003931,8108.878375423191
1003717,7467.490167414621
1003996,15940.699347006852
1001264,6499.428704721913
1002347,15041.48273854542
1003217,8897.483066650177
1001119,12177.730471429877
1005031,6246.71653999398
1003483,12898.650758046648
1001150,3247.515976264966
1003017,9152.393446260197
1000065,6409.957991963375
1001280,6988.989365409085
1003044,15757.962706997294
1005037,6203.467548136857
1002915,6401.904174588425
1003070,7936.178871524882
1001181,6504.129403011548
1004879,6423.7787189297815
1000749,13360.403755456071
1004629,6584.305722449724
1001637,6785.4648081477135
1004405,15302.124634956857
1001470,4531.132497763042
1003224,5936.961654635291
1001368,5357.0070598400325
1004064,11694.951587337047
1002143,12926.728757268467
1003118,12914.018765491317
1000723,7777.45804098441
1000048,7206.646781359469
1001836,4783.714953114862
1004194,6225.628955329513
1001632,11291.827771257505
1002298,13914.726068887181
1004322,9180.330499751703
1004455,4732.871244343842
1001050,9359.653921558036
1005420,9515.110919511315
1005786,3941.0379114538227
1005954,7.71617015336746
1004950,5576.874534979341
1000890,15032.364955673878
1002641,7482.164477807188
1002016,7448.63880723508
1005610,7528.606574161512
1000639,12107.046028762446
1002030,14426.698060909355
1000710,6570.5301718960245
1002887,9622.341021695194
1001920,14494.348728991084
1000054,7248.500829455193
1003209,10129.157449950713
1000985,17088.931374587723
1003812,13403.393635471988
1001556,6479.069407732042
1002781,16023.354085365138
1000243,7528.480770862765
1001697,16925.35542205731
1003389,9218.4177877129
1002101,17100.483010963282
1005020,14131.052170903857
1004022,7169.741499387026
1002271,5733.2505865299145
1000820,13679.616039942888
1000059,5613.350353537826
1003084,11592.20727494774
1003320,5014.842742493258
1000551,5406.192676950073
1001676,6799.854772072393
1003407,9745.416100258175
1006002,8391.150584955842
1002592,17143.775854652296
1004606,8656.489524564742
1005924,16213.232250582509
1001803,11792.385919557973
1003402,6800.505965912351
1004387,11969.134196400119
1001356,6682.6385714164
1001340,4865.329601858142
1001862,8270.16181033897
1003191,8519.883530571657
1006037,13201.398694736374
1001209,16602.997109929678
1001940,6885.908183878625
1001543,4613.998079540192
1004028,7780.982115331233
1002084,12995.731891766321
1004028,7780.982115331233
1000854,12653.035799073434
1001983,14391.024402558547
1004027,21412.248987759136
1003925,9382.155161141134
1004072,8012.689464125404
1005771,4709.228707949888
1004786,11719.381037975438
1003029,5358.972352043278
1000702,15448.912803063506
1002010,16074.179877361574
1000533,9484.433050165851
1001087,16725.205223790297
1001950,15926.484995211182
1002818,6785.464126834687
1000671,5869.571010988602
1002967,9110.876306363738
1000175,7267.18875804256
1002250,5427.88096791611
1000166,7541.668100048806
1003118,3874.459028885633
1001484,15926.484995211182
1004904,15539.69589306764
1000062,14194.68662845757
1003345,9739.584681111988
1005851,8300.604496227916
1001701,8775.539847442747
1000710,6570.5301718960245
1003448,17263.780792353497
1002340,8205.936487349654
1005387,6767.7893415477765
1001069,8971.822868918196
1000411,4873.607943210805
1004620,14351.407074531648
1000556,1694.9750526039884
1003620,15832.500063491883
1004647,4202.58790834362
1000195,4342.960598916763
1004257,10162.585981242964
1002681,11463.869334158337
1004725,11991.6834383792
1003996,2089.161197257488
1001717,5015.956058182143
1000543,12766.224091480468
1004748,8541.229627346554
1001354,12408.779828759787
1002221,9208.233135300772
1004436,5981.759472041168
1005378,7541.822280153965
1000258,8600.50586565138
1000149,6395.845501978731
1000808,5511.017020438891
1003938,6348.598830065386
1004272,4477.985813025941
1005389,12414.929928482557
1002472,5420.8349381742855
1000937,15044.818210532878
1000278,6485.586185018146
1001733,8145.997788165679
1002567,9326.48079634181
1002419,6334.705370703886
1005345,13826.59234819946
1001217,4324.704028634088
1005958,16053.727140083167
1002203,12692.702168522757
1005703,3566.9282579775195
1003013,-209.17552530414548
1001980,5989.854729637163
1004890,6567.561237867818
1005547,5450.839106448714
1001333,7018.415665672298
1001816,3121.0881465604643
1003622,5923.502040605192
1004435,8119.952055223884
1001408,8193.925100689068
1003080,8612.549397872386
1004659,15173.847934080626
1004477,16533.18987703805
1000984,13180.594924846646
1001941,8304.372059308482
1001941,7555.412478589753
1000755,12404.72826029108
1005574,7269.696373460192
1001764,7374.644422189052
1001807,16118.986069481014
1001841,4088.1290228691482
1002939,14268.363866025946
1002507,6293.783635173635
1001489,9552.6689620582
1003423,6137.872871369892
1000912,8148.319892486836
1001348,8430.327004954002
1003577,5367.028192949423
1004437,12873.30878263109
1001741,3972.2488248937752
1000344,18966.210081067184
1004051,5628.492368912933
1003747,9711.758313759992
1000326,9706.814060592871
1004347,12906.368114469533
1001635,12914.018765491317
1002436,12682.748030996414
1000985,18423.88604111683
1002129,2691.072009283065
1005556,8390.38910217248
1005872,12208.789283463666
1001584,11792.642800618389
1002140,6524.602520515293
1001605,6823.609603585106
1005795,4996.770363113316
1002997,15479.701708279084
1004335,6604.600337827449
1002258,3860.8941208091915
1004658,4392.377196292158
1002124,17800.224608155757
1004448,14053.213459850356
1002793,7038.991701277605
1000749,7956.084853579398
1003958,8042.85922856746
1000425,8093.224649538946
1000975,3413.4811986217446
1001843,13541.190428539741
1005792,13609.581146343045
1001470,4531.132497763042
1001101,6132.033718524292
1000959,8737.012787173211
1004748,8704.79903784346
1003825,9914.335742023282
1001681,6917.456210638966
1001120,10718.939219930924
1004079,13266.520687520795
1000149,6395.845501978731
1005530,6039.996915453406
1005422,4693.709780484823
1003336,4631.807183315628
1004303,4877.652766873436
1001051,8040.415102415212
1001317,16043.438200536071
1003643,4314.475360313115
1000394,11397.620367656455
1005964,15276.131521917285
1002820,4109.725224968364
1003705,7709.532547612419
1004977,17602.374170978997
1004663,4965.668855578355
1000543,15516.548366059204
1002265,13632.09921153909
1002380,8315.779501349962
1002693,8422.593472952003
1003129,6002.469984077498
1005787,8802.628491518752
1005074,6326.680118023087
1004867,7477.435946203732
1000090,8988.708669759853
1005838,7599.119115122658
1002419,8120.600871899028
1003821,4099.029499948418
1004765,5949.489578609148
1003054,14772.471120507622
1005018,13168.79296099158
1005887,4187.216342278431
1004837,6749.641367036741
1000150,14684.98149010807
1004578,14790.28375369079
1001722,2879.629643930466
1000550,14391.47050783252
1000111,17898.321497155463
1001178,8261.099096601894
1001815,5832.637472448383
1000549,9594.15870252489
1002699,13456.459218180978
1005504,14317.133531028134
1000211,964.0964788266003
1003921,5945.340243044708
1005767,11442.6850481433
1003600,13664.202170689661
1000588,9763.875080806874
1000839,7086.866064981484
1001172,7988.911524372985
1004771,7853.280071372313
1001266,5997.089418728193
1003474,11904.074895390599
1005928,14049.444157627006
1004879,6423.7787189297815
1000746,9565.567044740506
1005434,8262.510969428611
1003453,7671.614256337013
1005453,6523.276985319432
1000229,6850.249654155316
1002465,6523.359042932931
1003470,8134.562268413563
1003661,6203.467548136857
1005848,7672.87999507334
1005108,7140.551807114912
1001785,12926.728757268467
1000975,3413.4811986217446
1003842,4393.779361544223
1004263,5908.696178480122
1005108,4368.289953709885
1000081,13571.337666994494
1002698,6645.331651245314
1002793,4377.037631674901
1001069,8971.822868918196
1002634,1894.022104296015
1001780,9914.187306380452
1000551,5406.192676950073
1003908,10360.974721373466
1003393,4885.994909650133
1000405,6819.553326053195
1000624,20712.65124714506
1002010,6104.105783570293
1005689,7532.89932484159
1005492,11121.441328959148
1005100,9714.76601755876
1005854,3964.685043239783
1000551,12094.120259334844
1002189,6218.690330078756
1001088,8037.28412166182
1003607,16691.86379368757
1003311,7715.1416847172595
1004834,5602.3758161104915
1001050,14991.417626374496
1005580,6894.246188103527
1002251,8230.863174270635
1005517,1573.064649398843
1004543,8073.47275862805
1004890,6567.561237867818
1004217,6726.586075080157
1000641,8367.747682283316
1003589,12057.72497085861
1000461,13894.074662523506
1002455,11946.25325085913
1004578,4783.714953114862
1005910,12216.510463937144
1004064,5116.644470295244
1005605,15213.360248419784
1004579,5647.806164416306
1002873,13099.912295392278
1000521,7194.009584640206
1003490,14853.606731913958
1004517,15681.15168007527
1004861,9140.891438438097
1002436,5719.181829680555
1002765,9379.509220951664
1002584,4792.545976980166
1002392,9307.853907219067
1000692,14606.24857658571
1003314,6137.872871369892
1000855,7383.674799871866
1002899,7616.380129398047
1002693,18839.138478690074
1005512,15733.688918228532
1005824,14918.022717619271
1001077,10188.348311094805
1003607,8080.269414505259
1001339,11639.841930272096
1005788,4783.714953114862
1001284,7371.198202022862
1003045,14225.220054303492
1001425,7344.125140895545
1002439,3218.660129899491
1004227,3265.2285353980214
1001680,5943.807323382883
1004596,13099.912295392278
1004899,6634.028716267937
1005256,7390.327285745127
1000714,2437.7685946641373
1000543,7246.409345432002
1000937,6566.6799685944015
1000855,6081.619314275809
1004852,9065.989385803208
1001448,8391.32406351749
1002167,14842.52272422416
1005066,14582.048970132611
1002225,12942.169001862982
1001252,9970.78149105922
1003721,7874.1948662141385
1002332,9104.501179090425
1001227,5278.600520359771
1000802,3793.332643603599
1000950,12627.719239810946
1001671,6540.773382863636
1004753,7659.043040465898
1005202,6225.628955329513
1003123,8574.715214892352
1004183,9568.29433400842
1004001,4642.196111185881
1003942,7124.743917883189
1000123,2170.3844122148507
1005539,6521.674983638021
1004862,10903.102198582674
1005018,11772.798050799045
1000212,6533.16725346839
1001254,4711.510116621866
1001182,8588.889134494584
1000631,8885.388567658243
1000850,4720.716300962985
1001776,11207.54077674761
1000048,13546.782171017943
1003509,5072.392455545509
1005044,7320.888766460561
1000922,7365.760859645643
1002010,16074.179877361574
1004265,15926.484995211182
1004134,6434.899803362863
1003958,14685.066630688278
1001958,5535.156005157991
1002168,6152.295845901317
1005812,8262.510969428611
1004552,14960.272654377908
1004674,16146.893908915366
1004656,15920.149340590091
1000808,2249.2407372858097
1000242,8717.344648283826
1004780,10892.311240028135
1001744,6622.542414907718
1003948,5039.682222051624
1004645,10771.39872302725
1005128,9379.509220951664
1004674,6444.825127310167
1001635,7780.261020860259
1000765,8932.730178600274
1000454,5434.665216867296
1000195,17967.744282497923
1005441,6571.2087183556805
1003934,12965.205927851734
1003675,16465.45681432878
1004382,5719.970682867977
1000306,13796.218952683514
1002416,7104.659533269962
1003589,7744.844910436874
1002000,16050.19614944135
1001920,6581.597679337029
1003721,19759.57050064178
1004647,14501.541542819317
1003320,11029.989681276096
1002109,17149.872263510024
1001836,4783.714953114862
1004234,8600.06078375874
1005954,6378.726906035793
1004275,14734.13197077612
1002573,7908.587555260394
1004346,17012.058100695223
1006016,12069.692619014391
1004619,6767.7893415477765
1001980,5989.854729637163
1003269,16713.734877255225
1005755,6203.0428181485995
1000352,8850.82464402182
1003550,12121.104114477508
1005900,8119.952055223884
1001945,16157.724122157795
1002041,7917.416877312033
1004328,10891.678165986305
1004152,6966.853622694493
1000971,7206.186777522527
1000342,13080.812132115376
1002328,4874.021642429138
1001963,10629.2272559698
1003182,11341.619282284712
1003441,5710.610630976472
1002896,11205.425035940023
1003206,8225.022527129675
1003713,6890.281226324226
1003930,13179.017994516618
1002686,6344.1543468123145
1001025,4907.707473156477
1004689,7967.509545446738
1004736,5398.860268226767
1003683,5500.024184784244
1000241,15969.466241280985
1000724,11638.608265774317
1000839,13209.282823982921
1000577,5861.7065932850965
1005555,10479.653463957571
1003620,15832.500063491883
1003272,1190.1236285357393
1002731,7104.074750142736
1001487,7075.581491200685
1001959,7227.670938759197
1004452,7288.039799447525
1005607,5883.528703123652
1003025,6884.43598631608
1000083,13682.860419332186
1005822,3080.4688836282444
1004408,12951.24284306957
1006003,7491.1440331868935
1002797,14620.263785662595
1005602,7091.928584460118
1001055,6832.053769601727
1001063,7013.255961805742
1003380,8052.758422410848
1000343,3453.7075214473207
1003600,5993.544595082211
1000264,2827.888961420557
1003988,6311.176439694946
1004086,7926.106443171751
1001112,13472.13911283438
1004411,5885.675769028487
1003878,4089.221925246325
1004317,984.7294422410461
1005956,4578.410872322662
1005333,6663.575482610878
1002986,7158.1931604056745
1004942,8012.943850518763
1003036,8422.593472952003
1000553,6547.013686125623
1004425,7013.255961805742
1002022,15024.602465411237
1000743,7233.4641004523355
1002438,6143.643377718065
1000426,8524.220823542959
1004277,8477.30477912421
1001251,8600.50586565138
1006014,5533.33024978355
1000637,8448.268383607525
1002575,12432.66229657045
1004224,7685.1913846431735
1001675,7617.1404699255045
1005332,6733.218413858391
1005082,8045.033669986638
1005744,13210.872558801073
1000169,12594.685660448757
1003051,10032.560769266918
1003231,8540.010500630582
1003467,13074.003561999483
1003562,6969.815830675184
1000518,5671.3821165345635
1001717,13378.311371221595
1003656,11970.517289662279
1005371,11799.102522253537
1004422,6197.579554864135
1004861,17641.775338724776
1003944,8113.651034292411
1004936,6007.803141296226
1002173,8393.361855505611
1003305,9529.322133163236
1002462,12399.061510943908
1003292,3907.7729454976443
1001149,4797.487525152482
1003685,14425.76379040233
1001635,10876.381270235728
1002106,4087.671630476061
1000857,5604.9450195811705
1001632,9168.372993849303
1004253,6608.7696657467595
1001778,15935.529902692482
1000793,5722.675687155529
1001152,13597.130248519492
1005573,18625.78670064281
1000720,7709.421485045212
1004048,9966.910773047653
1003589,14741.24628166748
1003394,19164.707570646056
1001068,7008.165966784281
1000255,15454.951097785284
1004964,3880.161333764608
1001135,13551.996361085623
1001631,5448.502890769684
1004699,4569.847040007142
1003434,2160.9347186062055
1001243,3402.902627868392
1005836,9326.48079634181
1001902,8456.646117980099
1004721,11564.623279943022
1002860,7493.275502586813
1000309,9621.21651104671
1001161,9110.876306363738
1005169,11416.008512445527
1000647,13412.868656371054
1003681,4437.791968193242
1001642,7694.558480658592
1003984,15059.707233493418
1002888,10050.336810462893
1001465,12162.441031188651
1004594,11523.54050237837
1005827,6675.476788023164
1004802,12437.449980562624
1005054,6714.639995551336
1005142,8275.796181898457
1001294,10081.742212180596
1005785,6709.700524108764
1003850,8214.232437424365
1004644,14808.42252829522
1003650,13209.282823982921
1001555,8925.604687976082
1000993,8783.308787109721
1005312,11197.278911604186
1001926,8921.001435265158
1005584,6506.697017829622
1000169,11989.03642165918
1001179,11070.997495311225
1000518,12363.683478315188
1005114,7189.4743968679395
1005320,11840.184882996966
1005630,7541.664790558658
1005629,7102.48375858976
1003462,13842.115278248999
1002544,14061.493525480933
1000220,6254.946777158086
1002737,5826.8540830406655
1005807,7739.466477414957
1004161,17237.793079104715
1005265,13206.350306414943
1005301,12208.789283463666
1003057,8162.264399218605
1004635,9771.552180401584
1002342,16566.01661157968
1002242,6468.615109713676
1004732,5708.862629736238
1002508,14771.67454929039
1002853,4478.856801455515
1004279,6167.485310707731
1001563,9397.157418580997
1000869,5134.6970921611655
1005539,6521.674983638021
1004302,8199.816421026992
1000791,2382.3515319953967
1003569,8746.926748487429
1003418,15983.705636405708
1002503,11804.499899410399
1001802,5885.675769028487
1004800,14640.661317474201
1003327,6179.081104199638
1002880,5104.954407698399
1004124,15577.32095275726
1001767,6756.904222952995
1005361,10716.598340009015
1001425,12851.537661161648
1003333,16534.65186332672
1000541,10657.00361991256
1002776,13326.35332966579
1004769,14981.56786449921
1003875,12269.575933283528
1004418,7381.21395423222
1003768,14395.650084643923
1004388,12364.82924253049
1001837,8478.166809222828
1004116,7191.999546745932
1004964,3880.161333764608
1004139,-1184.3723804761876
1003778,7134.7675045523
1004305,2901.5849585227334
1001242,4454.496671360939
1003501,15575.77195134913
1005277,13427.420190821134
1000073,12025.674888588586
1003297,8068.22633718736
1002793,4377.037631674901
1005414,14856.576150737326
1003613,5498.006524430138
1000864,8426.41682152037
1001628,7293.422636453975
1003135,4708.591359975969
1000738,6927.410188510829
1003108,5926.18392958384
1005659,7882.914108196933
1005535,8009.3426008613515
1004619,4667.963461577916
1000989,3129.540747896912
1005964,2937.712362246039
1005161,3595.338528601487
1001425,12851.537661161648
1001447,5072.392455545509
1003499,7415.659868035047
1004905,13643.003940373968
1001516,12786.373657774557
1005463,14363.826352567386
1005881,-606.6189266920467
1003661,6203.467548136857
1001524,15935.529902692482
1004437,6708.437169798568
1001340,4865.329601858142
1004227,4551.764689243437
1001331,9798.234004786584
1001168,5692.999200446565
1001199,9273.79143433803
1004683,9561.856617881158
1004506,7781.167244453628
1002164,6604.600337827449
1000260,15645.373024901788
1004305,11700.491724034531
1003026,6182.894728361484
1002878,8584.637362553216
1003754,4228.575815496377
1000392,9483.08305258214
1001551,5567.382392752999
1003936,9137.906112284098
1000202,5885.675769028487
1004115,9748.726028732208
1005795,6771.004597655798
1001380,9952.137949132528
1004183,9568.29433400842
1003048,6136.535843310784
1002878,8584.637362553216
1001748,10583.519149649564
1000216,7443.632994876758
1005143,10777.73419741766
1001859,6824.90527234747
1001685,7854.439025005519
1000710,8971.822868918196
1004382,5719.970682867977
1002909,10161.82617102401
1000316,15357.947045037945
1005649,7773.253883487147
1002148,13602.812271310906
1001603,6000.900345808941
1001761,83.86878544115326
1000578,15694.560465946863
1004543,15208.998222682816
1003047,16262.829416090468
1004732,3447.61662551523
1001530,4276.673982325753
1001501,11593.657051846732
1004637,9184.732206870422
1000223,6014.234786716176
1002304,16038.280999183668
1000273,10772.307728795186
1003903,6231.3532045285165
1003191,8519.883530571657
1003411,12025.674888588586
1003681,11729.459044422229
1001356,2044.1896801083335
1005070,6592.084399426735
1003751,11911.52033056279
1005070,12915.204520421208
1003885,6411.519504573929
1000195,15027.445950859284
1000229,16336.280202503736
1003999,4205.839758227317
1001778,15935.529902692482
1003209,5818.127954753557
1001899,7660.2419142589215
1004048,6210.1763671440185
1004791,3126.010357753754
1002465,9602.766560864831
1004810,13339.314061036992
1000410,5425.481479192606
1002214,11103.660208671507
1000984,6075.297828811415
1003931,8108.878375423191
1004446,13930.997982116642
1001396,11127.59175377368
1001516,8162.264399218605
1001191,20022.874198938604
1002100,5920.688277337194
1001887,4586.515242924303
1005300,7049.2911264758
1003614,16128.850801887476
1000352,5072.392455545509
1000140,5285.584405455889
1005026,5046.896104201709
1003239,5454.810267930653
1003029,7283.110741714388
1003471,6917.456210638966
1000855,7383.674799871866
1001120,9397.81611071656
1000214,7393.4908857979335
1003920,15313.832033061206
1000103,8291.517325491368
1004048,11471.318585906725
1003965,4305.3791335340875
1003317,10042.403464163175
1001561,11115.277809772093
1003518,7386.809376866891
1001489,1126.7009658332404
1001922,6758.251147697617
1001995,18084.357634908494
1004451,5708.862629736238
1000839,13209.282823982921
1004153,16058.507414211363
1001447,11365.783542350939
1005005,17174.36377376693
1002665,3501.1976213984117
1005721,11419.725135562327
1003169,10856.22654973689
1004755,9174.577902438994
1002164,5267.2387500502355
1004462,7948.057637435169
1005763,5123.743828277958
1004666,6202.830721184729
1006015,12245.324941474413
1003108,9714.76601755876
1000493,9379.509220951664
1002457,19014.226908758734
1002599,13325.387402895556
1001196,19062.12442877649
1003576,6252.562061294132
1004107,12721.91321532278
1000302,18079.42125942263
1001733,8477.496490632144
1002242,9642.342368863647
1003391,5072.392455545509
1006006,10192.484462021972
1001647,5174.384448192753
1003985,8779.586321943843
1004132,11995.217486631202
1002818,9193.621931551397
1003491,16725.205223790297
1005369,6700.88494120384
1005443,16950.055459996624
1001019,7322.007803208565
1000053,7496.052113942436
1005096,11095.008453438633
1002306,11783.524515992007
1002507,17498.717879612257
1001369,12942.169001862982
1000904,16048.976138499202
1000202,5885.675769028487
1002794,4364.4726492725285
1002500,11214.355261678886
1002523,14325.592728615651
1002878,5255.269337577487
1004265,2389.8714692833605
1002593,17156.452118006237
1002815,8134.562268413563
1004580,7280.304617110682
1004112,17060.39713062184
1000435,7460.368155373711
1001916,8958.587798806813
1001831,6799.854772072393
1006016,12532.993485433715
1004054,11208.43878372285
1004217,12926.728757268467
1002665,16234.945993593528
1000735,12223.816139495939
1005763,5449.503946451145
1002913,9462.536043421
1005558,870.3869035998142
1005650,7379.288550161376
1002340,8205.936487349654
1003841,10366.834542398781
1002643,3093.7135470464923
1004094,14106.015747976551
1004016,8170.355399881799
1000110,7895.398760678127
1004644,7283.273560140331
1002649,18287.412990559536
1000149,14307.752098041037
1003341,9286.922050440868
1004033,12916.484552003018
1002625,6954.037420939891
1001339,13778.66827000471
1004078,18458.545404515608
1003312,6591.80534019215
1002777,6726.586075080157
1005046,15711.231143605195
1002826,6166.332683862855
1005053,10264.126344655468
1001304,6966.853622694493
1003806,2223.0020408867326
1000727,5565.117008631966
1001757,7275.723641234367
1001359,5920.842188035603
1003562,5267.994158620955
1005317,5792.552916864318
1003619,5430.0570632894005
1004510,6077.803327219451
1003012,15291.057227749741
1000778,13722.511073654683
1005659,13043.587529939974
1004042,6440.752077474965
1001830,12995.731891766321
1001856,12497.272694064968
1005270,15927.825130392324
1003450,13462.874953619594
1004946,6210.1763671440185
1001599,6187.4177999932635
1004361,9821.003098681924
1005917,10235.661185641007
1000788,9326.48079634181
1001243,3690.3477932947626
1001067,14052.63326197495
1005743,13703.454233388778
1002342,16566.01661157968
1002538,8773.18507690578
1000869,6810.335527424372
1000241,15969.466241280985
1003610,10489.415866222264
1003032,6856.353505053902
1000173,14294.074680222264
1000877,6885.52403502383
1004318,9284.709110697067
1000569,8899.140837473731
1003626,6041.876913627198
1001680,18507.282884975393
1005472,5177.99228216738
1003491,6167.485310707731
1001387,12052.789122347283
1003592,6673.061296488384
1001736,7687.147545527222
1000203,7832.174246862889
1003693,6296.35972554185
1005684,8152.104990253306
1002670,10339.984887365172
1004728,11757.818534529848
1003061,15619.053820358988
1001764,13861.70940862156
1001194,4642.196111185881
1004979,11621.993370329013
1000903,9150.917362689175
1000001,6814.737656239456
1002186,15415.568904694223
1005623,3990.1374560023355
1001812,5446.360017033234
1005981,14902.34565774406
1000817,6726.586075080157
1003792,6063.453597659445
1003469,8316.607071844279
1003362,5195.964890982473
1003312,5381.861854394747
1005287,6653.94224225125
1000324,9080.21689507907
1005251,17831.79534642208
1002346,14297.441900938566
1001941,3533.451854888414
1005404,6905.594765996221
1003727,7013.255961805742
1001209,16602.997109929678
1005667,6222.496597258639
1003540,11363.009315602838
1002173,7694.558480658592
1004127,15078.515115571885
1002015,6799.854772072393
1000531,9164.131459288821
1005394,5505.522281824027
1001112,6539.00196875899
1000302,6799.854772072393
1002960,7064.476899958202
1003717,7467.490167414621
1002453,12889.691715966728
1002876,12208.789283463666
1005952,1812.075587976316
1002914,5997.089418728193
1005427,11897.567903745992
1003394,6132.819545478543
1001889,7150.055362493279
1000714,4822.690217944122
1004508,2140.9844145296533
1001600,6222.496597258639
1000335,16208.448998069474
1000510,7162.463834282823
1002060,14933.777696665798
1001113,6428.303697337805
1001727,5595.047294431574
1002462,18242.717215095407
1001568,7868.784242459833
1004238,3606.5698295542898
1002872,6673.407919535688
1000220,8895.238332133782
1003368,15314.542477156478
1001399,6927.410188510829
1003891,7014.404786029071
1005636,8590.167815076718
1005248,6763.035643588233
1001448,6452.056841389108
1005998,7124.743917883189
1004633,412.73132156622256
1003080,19129.822357639583
1001019,11538.950217137892
1003032,14697.586419781552
1004619,6767.7893415477765
1000477,11903.329112015288
1004140,7269.696373460192
1005699,13346.130775296717
1004621,7847.28958106755
1003519,15854.164099629512
1000934,6798.497358383231
1005848,10559.660667055434
1004447,5364.171137515659
1001272,13671.833565282732
1003816,6886.737584161077
1000468,8277.491956814345
1004964,6832.053769601727
1003833,7494.647694530529
1004422,11858.870073834383
1005371,8355.556126508578
1005530,11969.134196400119
1001206,13851.042044261456
1000588,6222.728793608948
1005278,14345.83199220381
1005684,14095.6183450627
1005283,12757.71504559875
1001333,8192.41361845356
1000984,9974.834921985432
1004601,18647.15162354589
1004831,15257.070770349834
1005438,7254.001703290633
1000477,11903.329112015288
1001244,6639.7917017846175
1002533,13668.50105793431
1003240,7191.91430716719
1003086,8217.137055983238
1005645,8574.715214892352
1003327,6179.081104199638
1004298,6335.78470050568
1001068,7008.165966784281
1001340,9424.693107011883
1003997,14308.673064156823
1002581,18513.262475475374
1004384,5156.552843714596
1001667,11761.25785460571
1003825,5765.547417851098
1000678,9827.432464972795
1004682,11606.047520682996
1002990,6857.81900809781
1003129,6002.469984077498
1000199,7191.91430716719
1005225,6155.366052052526
1005667,6873.503806113927
1001643,15438.678380842874
1000048,11867.942267078159
1000904,2415.0252169806117
1001253,5254.393173008091
1003075,9252.534853488769
1001383,5888.868635779214
1000678,3839.4580454904785
1002777,4822.690217944122
1004033,12916.484552003018
1004849,13099.912295392278
1004543,8073.47275862805
1004139,8517.254695452635
1003001,17759.35098992775
1004819,6695.148280148659
1004335,5855.7226270627525
1004510,10976.16253393565
1001298,5999.486619950128
1004194,6225.628955329513
1005772,7671.614256337013
1001449,-769.2930961834869
1005604,18913.949820874728
1003652,7063.451862822086
1002509,15567.274589913111
1005218,11397.620367656455
1002110,17053.91701135305
1004973,6810.37499358774
1000150,8532.658640247884
1005201,7220.0439813201065
1004064,6519.326644189508
1000651,7934.0893909369
1004344,4964.386551187496
1002090,13948.278613118364
1002693,15341.163180338974
1001354,12262.353724065044
1000823,6231.3532045285165
1005650,7379.288550161376
1002840,14697.586419781552
1003626,6041.876913627198
1004079,13266.520687520795
1000017,12890.069165331583
1001988,7048.097889435032
1003518,13840.236916413676
1004802,14870.273522056357
1003785,13868.59812757617
1001607,7983.382395711457
1003539,16030.374015220026
1000570,8238.142438629297
1002892,8402.6261768427
1003942,5235.015971742707
1000811,9243.730596025112
1005626,5455.550601052291
1005955,15253.443167065647
1005744,13210.872558801073
1004627,7532.480163770807
1000387,4995.396762389704
1002841,16059.661499610555
1005085,16083.339755884439
1005643,5227.140212946812
1000154,10814.964498819447
1001514,10102.437706025386
1002966,8500.102496267486
1003992,10375.606016815089
1002251,8230.863174270635
1001334,6571.2087183556805
1002529,7579.641998545439
1004425,6190.226910781894
1003312,16616.342181507516
1003318,21167.063961759744
1001821,6131.715963196841
1004447,7456.069123269358
1002071,8572.692852444437
1000818,12995.731891766321
1001071,16006.84844674357
1005156,15487.512797825426
1004497,10113.1947618811
1004141,13216.712011769287
1001930,10567.332067163152
1001242,12719.507993629668
1001470,8524.220823542959
1005182,6244.257315873811
1004840,15383.126260248222
1000920,15032.364955673878
1004937,6687.365556063985
1005281,6638.510963276668
1004049,13559.252161685166
1004508,7248.521828178535
1005103,8113.651034292411
1000859,6967.754211959595
1002876,5771.625399458963
1002465,10886.664868534679
1004284,16715.12871524189
1004785,8885.042062097626
1005523,15442.947231861803
1004578,12478.35546669803
1003885,15027.445950859284
1002607,7375.0157200315825
1000058,3139.4906418439714
1004083,2912.597848979191
1002627,5303.857818915064
1003389,7161.069977384514
1004078,18458.545404515608
1002647,10664.06723070824
1002414,8559.922207182672
1002893,9568.29433400842
1005644,14030.604554381038
1004041,12399.851753341063
1003503,6727.729171756495
1004340,3597.9853610816
1001701,5914.391043452957
1005172,4614.645634393692
1005643,12265.900844994036
1005387,4798.032234996111
1003101,1896.2610748164238
1000249,18711.538890192955
1004960,17285.21704120752
1003922,15935.529902692482
1003768,7172.612061051051
1000778,13722.511073654683
1003732,13708.487966943461
1000915,12392.377371536257
1000862,5570.008797408058
1000945,13452.475859227696
1000656,6672.923681754915
1002724,6601.956573352552
1003367,8649.13884615826
1001317,6106.668311932301
1003820,15119.992747024102
1005878,7350.827744572309
1002754,11167.136680681895
1003841,6831.547984203572
1001587,7353.089523133282
1000498,8304.372059308482
1000496,5885.675769028487
1001016,7583.68102552588
1002746,8961.643117361511
1003328,8478.213759914446
1003501,14388.947511064465
1002116,5755.570093522246
1001211,6917.456210638966
1004277,8477.30477912421
1003585,5482.149967318823
1000516,8884.31503448595
1005111,4719.812261907753
1000999,9163.375023480414
1005511,5602.1146817024155
1000166,7125.702233329222
1003588,8194.9587482586
1004611,7789.46389702198
1003080,8612.549397872386
1000877,14294.074680222264
1001465,2719.262723444102
1001395,4364.4726492725285
1001144,11997.235600675842
1000500,10299.355170340603
1004051,5636.0943578809465
1003651,12887.739955815421
1000678,12228.826505922298
1005824,14918.022717619271
1002643,6009.228642046146
1002361,8582.062727897428
1000204,6394.457746337523
1004064,5116.644470295244
1001943,16074.179877361574
1002088,13776.750089268218
1003603,12868.726571182264
1000161,7824.732550822491
1005553,7258.965829585916
1000873,14185.201540646087
1002748,14426.698060909355
1000392,2075.544658198486
1005824,7805.9702714682535
1003961,1808.7786036969844
1003626,15330.516665358064
1002185,7781.245911288795
1001139,3713.334791156512
1004053,6062.137595955305
1003728,7761.722223103434
1004430,7948.057637435169
1002424,14106.015747976551
1004092,4974.385854850582
1005163,6367.171843566937
1000446,5339.625004667628
1003114,6958.9816488878705
1002909,13315.412298508776
1001631,8368.724586930746
1005468,4281.241187619474
1004053,9069.61261464391
1003208,7681.03556970314
1002941,6172.692109206982
1000372,11115.277809772093
1003253,6414.28982382871
1005621,5197.903166894168
1003375,8864.320184092683
1001473,10856.770485682291
1000015,150.9244768733077
1001749,4364.4726492725285
1004480,14525.620923605917
1003378,9575.89004182333
1000838,17324.54598923616
1005429,5535.156005157991
1003169,4232.051832302106
1001356,7008.165966784281
1005855,7518.02623207952
1000402,5567.382392752999
1000678,3839.4580454904785
1001335,15365.888601971297
1001771,15119.992747024102
1001611,7496.052113942436
1005361,2933.560651616396
1000334,13328.636173277813
1000899,6550.2568176395325
1001356,7008.165966784281
1000312,6359.334259066027
1000897,13083.504884636195
1000850,8951.711417922124
1002017,15513.526744964169
1000055,7483.182368912194
1001010,1208.1553450585982
1001703,13676.548510768935
1002774,5702.920615179014
1002152,4397.469825431607
1002747,7008.165966784281
1002540,13633.74540140937
1004050,5538.569719736526
1001581,5867.1815910378145
1005265,5891.081282299821
1004557,9410.02015887908
1002116,5802.830523511665
1001267,6104.247245156348
1003900,13096.563488369153
1005449,10856.691026585946
1002324,7918.4791251732295
1001868,2680.922991029341
1001506,8320.409736386648
1003951,12660.2533757093
1000167,12298.950230460414
1002565,3223.751125452699
1004715,14319.986895644997
1004458,8775.539847442747
1001266,12251.403995836969
1004281,4657.386787275347
1001370,17338.421966707643
1004448,11334.22414250101
1005611,14388.947511064465
1005744,16508.555199556133
1001699,13495.276908989023
1000438,8233.0008136229
1005961,17807.441167478195
1003216,9582.477400832882
1003129,6002.469984077498
1004922,14626.193444267432
1005986,13300.381336145954
1002484,6556.323596159323
1001470,12188.905028262825
1001260,6284.82026319108
1003414,12208.789283463666
1005096,-935.9469544805758
1000235,5539.568522069335
1005153,4437.791968193242
1003521,2122.9575850624424
1004308,5316.37637546714
1004448,6109.0253799196635
1002649,7127.728439929484
1003626,15330.516665358064
1003154,9480.50102031577
1003724,5999.486619950128
1002967,11235.28578776398
1003882,8982.838353494773
1001151,7458.704132632667
1000869,6810.335527424372
1002213,13598.835235012106
1000346,6438.568491429991
1004478,2362.9041520053534
1004685,3616.95808537531
1002743,15135.842631195967
1001542,6370.447990431642
1003681,3007.8617767977016
1001494,13018.121492176173
1003184,4131.987492289741
1001503,11235.23570287395
1006011,8073.282048821865
1005950,4656.577256227284
1000162,15864.055248044864
1001354,5135.680569952618
1004030,4556.383192229781
1001449,3970.3763607847077
1001252,7998.818077822696
1003396,14391.869226247101
1000314,9615.485298370651
1004171,8227.655778701865
1004808,12331.889268214234
1001932,7460.368155373711
1002894,15760.06750147329
1000295,2844.1213887306612
1000319,8529.817887594905
1004085,7522.1907090033
1003013,8209.14736722827
1004404,12722.665493990218
1001340,11388.19892653446
1002156,5281.951592691049
1004252,20249.30814358138
1005005,10707.443109241789
1004889,8264.100853705211
1005111,4719.812261907753
1005352,10182.613901241284
1004502,8391.150584955842
1002710,4150.438342344219
1002275,7860.702275743681
1002499,9046.63120643381
1002909,4709.228707949888
1001410,14924.260707132165
1003290,8911.504213776841
1003499,6423.7787189297815
1004975,5230.114326718356
1005972,11505.874441108885
1000678,7042.299119874289
1005720,9210.225090645268
1003967,6908.052162822849
1001835,11837.62887665783
1002818,20387.56650536119
1006010,9505.2382186414
1005747,7134.7675045523
1001448,15327.137896946575
1004269,5657.129112043582
1003596,5949.1231885338375
1005172,12911.965150415275
1005523,15442.947231861803
1001680,6787.961575669448
1000566,12625.681306631552
1000107,8478.760477788632
1005999,21753.90450961402
1000757,9928.942912940738
1005874,14426.698060909355
1001884,7522.492084658333
1000216,7443.632994876758
1004472,12047.77660575601
1004024,7719.008150020976
1002503,5604.9450195811705
1004712,6993.055504285095
1001100,5156.552843714596
1002896,12802.150278264025
1002909,13315.412298508776
1000970,7134.7675045523
1003705,7709.532547612419
1000355,6737.427403912305
1000839,13209.282823982921
1000410,14528.331518818282
1002727,16300.742164140287
1005333,6663.575482610878
1001121,12604.96338242095
1001733,8477.496490632144
1004611,7789.46389702198
1003792,12080.18498861881
1003733,6523.276985319432
1000904,16048.976138499202
1004510,10976.16253393565
1001051,8040.415102415212
1001010,6900.3948940524915
1005129,11703.053474144222
1003754,7660.099342700236
1005137,14458.93592170394
1000789,3620.5283346119104
1004861,7207.895524181864
1002507,6293.783635173635
1000669,9497.810587054923
1003380,3464.841951316765
1002764,4593.616147895328
1003661,12401.392122967774
1005113,9096.892381621738
1001675,2836.7785094524706
1001680,11944.25740348099
1005142,5014.842742493258
1002491,12956.516881061378
1005886,2140.9844145296533
1002323,10661.346020607907
1005543,15283.17075427691
1003953,6745.938438527988
1003189,14983.224063757496
1005788,4640.875444830315
1005888,6673.407919535688
1004715,6496.830632504764
1002737,9384.869486738171
1004048,9966.910773047653
1001613,6384.626932223506
1004699,14710.620152935382
1001267,18855.67291858331
1002857,12965.205927851734
1000198,6540.893074453303
1005629,10079.994728650085
1004390,12965.205927851734
1002888,3447.61662551523
1004958,14766.17467878052
1000957,14168.853341146794
1001273,7348.125961680825
1004500,7518.02623207952
1004885,8935.438720108821
1000667,2077.060427200103
1004235,19345.87705525765
1004126,14147.067398159332
1004227,3265.2285353980214
1001291,7275.221698214581
1003562,5267.994158620955
1004362,16041.17390112966
1002185,8285.067613356281
1002461,7191.91430716719
1005046,6553.400164986695
1002581,10625.277677087008
1000411,2559.7408810795605
1005682,9754.197584447644
1002156,9816.84876785861
1005880,11938.682762970426
1005452,19914.045512149885
1002304,3942.9498483644966
1000663,15253.443167065647
1003562,6969.815830675184
1004607,7269.696373460192
1001666,9941.81842504168
1002489,9152.393446260197
1005492,17952.165852173846
1000278,6485.586185018146
